5402 6.9206946155818 4.18914421640113
5403 6.64527344404353 4.06001764611492
5404 7.04867423687566 4.2549801867267
5405 7.01107059041689 4.23497366461889
5406 5.64307405496846 3.56593585711066
5407 9.28631808465304 5.34205307701718
5408 3.58155386773045 2.53627608732009
5409 6.28784773395029 3.88127415630059
5410 4.0799538104578 2.7904863291758
5411 3.58639609412003 2.53847573746632
5412 7.06195720069459 4.25861406406228
5413 5.07149827676033 3.28389634619353
5414 5.89584912583025 3.68917847356775
5415 7.69712377566926 4.57359619575963
5416 5.60545096544644 3.55695518688407
5417 7.50706268084383 4.47380233116428
5418 11.4244784431253 6.36771831930792
5419 5.80233933805837 3.64293240958872
5420 10.1024529688395 5.72380276603234
5421 4.80516948292552 3.15188163919354
5422 7.34381923596404 4.39489620538347
5423 7.29683685646778 4.37282326009827
5424 6.36578292607388 3.91864737651685
5425 6.62673796199332 4.04878811152105
5426 7.73844873713469 4.60013119094652
5427 5.20131106199379 3.39193200574019
5428 5.6799778154062 3.58389853520453
5429 7.83332133440236 4.63308764524629
5430 8.29610975530564 4.85616414912999
5431 9.20917304346648 5.29734852948832
5432 6.00512787112152 3.74405974502549
5433 9.05867217502357 5.22104676359957
5434 5.7457295873615 3.6213860868041
5435 5.64148621904543 3.63456126394696
5436 9.99248742559087 5.67529716822333
5437 8.01183544766902 4.71933993163839
5438 11.0672543179127 6.20173893237048
5439 4.03553539257846 2.76828428262419
5440 6.35239919703838 3.91263526229279
5441 9.64591664024021 5.51157530466313
5442 8.39732452800876 4.90756337170209
5443 6.59722813955412 4.03435687062062
5444 7.25952663231564 4.36288824605169
5445 14.2807500143445 7.74593094501192
5446 8.50786144198043 4.96551778623882
5447 13.470020861481 7.36585795116437
5448 4.6730199297434 3.08829488858169
5449 3.52614699602423 2.50886627939139
5450 3.35503781946934 2.42030987232698
5451 9.11547366052027 5.27314625801905
5452 7.1823373921609 4.3188913772481
5453 6.91546107729928 4.1863885473834
5454 6.300259144751 3.8900370867574
5455 5.98845880238347 3.73501129074616
5456 5.11946583136421 3.3079353198713
5457 10.9532328941343 6.13177527405437
5458 7.11053088033778 4.28679162707942
5459 8.1796393232262 4.80061833169384
5460 3.52092959514138 2.50511413403297
5461 6.16241854627389 3.82133227873177
5462 7.02576590398485 4.24527410348779
5463 3.66066335757494 2.57657158797841
5464 15.2067290653845 8.19772689115247
5465 2.85558084520969 2.16539641870408
5466 5.52315036831068 3.51111389636236
5467 9.17861709546229 5.27903255855976
5468 4.25174817175388 2.87614344937754
5469 4.00740956383692 2.75205420937683
5470 3.35011950453383 2.4171893207195
5471 6.09221626052981 3.78793728273374
5472 7.92993982826301 4.68225171036963
5473 4.24342963648325 2.87211816649409
5474 6.26946121460199 3.87132387093974
5475 5.3097958750373 3.41770980549052
5476 6.51580510205616 3.99274880185224
5477 5.41807261635236 3.45681515394513
5478 3.02454505399424 2.24874581982234
5479 4.02566609788696 2.76259888881009
5480 6.57788819717729 4.02383571506099
5481 10.6840280102053 6.00010189950309
5482 6.89053867799105 4.17651809611899
5483 6.07291227234676 3.78029310288782
5484 6.44983225174086 3.96866249251978
5485 7.85770887614854 4.64367434767015
5486 4.6522687484168 3.07595468985064
5487 5.44995209911761 3.47035988853273
5488 5.11747408436318 3.3105236636242
5489 7.7392411912885 4.5864140998888
5490 4.49539426680852 2.99999412219995
5491 2.55291501571983 2.00954979287643
5492 4.56939376800221 3.03514175207693
5493 10.9634410071141 6.14571063394055
5494 7.30520668877508 4.3770118997702
5495 6.39118587798681 3.93391003616124
5496 7.23655299130912 4.34677560925246
5497 3.42331844993144 2.45530419327276
5498 4.69825270243081 3.09878710704979
5499 3.7290434762324 2.6119527975399
5500 4.99754184706158 3.26276434828957
5501 3.81412316235177 2.65574355197931
5502 4.4765947736751 2.98920658782463
5503 5.7243239958665 3.6473095930098
5504 6.33579003313293 3.91447043777346
5505 7.30223454573748 4.37503025167841
5506 13.2991282341903 7.26042333845809
5507 10.575951515228 5.95092299460047
5508 6.06703928584137 3.77657209457771
5509 13.3466926224596 7.34208146221784
5510 5.01799367775964 3.26267311772949
5511 8.83643886197995 5.11516296902193
5512 6.61723093789122 4.04780161823156
5513 9.02528964973278 5.20977217476594
5514 7.39050495104208 4.4202430099336
5515 7.78681287137497 4.61160274280392
5516 7.18029449911363 4.31821142263032
5517 8.52316322305324 4.97547477669317
5518 4.51798160317941 3.01026727087365
5519 6.09474420273075 3.7952380596361
5520 6.92464760691965 4.19498149456722
5521 4.64791169018951 3.07383991807026
5522 6.18225871373463 3.83156135108117
5523 10.0224551834439 5.68733029486205
5524 7.82950064348927 4.63143545833708
5525 9.01285596764654 5.2033068654093
5526 4.55295984700801 3.02800448107829
5527 6.23871377562549 3.85851372240862
5528 3.61027560386931 2.55315184127875
5529 7.89851352151652 4.66903715820923
5530 8.96807520385249 5.18926536140858
5531 6.254693504045 3.8745864150837
5532 8.76661898432069 5.08826674678777
5533 6.36918303356829 3.92125140914324
5534 3.69905546913459 2.59792181606114
5535 9.52400484335583 5.44872696035045
5536 4.80791968331158 3.15575023832136
5537 7.75009282821481 4.59691895142602
5538 2.05844232925581 1.75667312084869
5539 8.34792720835545 4.88323999441026
5540 4.45038318905041 2.97440859990768
5541 6.64450075717516 4.0595546822309
5542 5.27606634885663 3.38672665320674
5543 6.68265363871565 4.07665778627404
5544 5.25392955506808 3.38572986307557
5545 6.90807435252945 4.1897409401286
5546 6.79999123485259 4.13312650974992
5547 8.7702516541208 5.08594395632821
5548 4.53789640675604 3.01974472470715
5549 6.65561495263368 4.06251516072195
5550 5.95608856183382 3.7207451900986
5551 7.52611390023353 4.48841645483279
5552 6.20668243410625 3.84376354152754
5553 5.48361380980057 3.49099714965367
5554 13.0798804286253 7.22634793897157
5555 6.81074938649178 4.1377488203948
5556 3.40078877803698 2.44876602005241
5557 6.16747025722291 3.82147018919789
5558 9.36984044266459 5.37262582271194
5559 9.56118557353359 5.4684754848074
5560 6.89163448405301 4.17645094908656
5561 3.85113318818197 2.67276050107198
5562 3.19225268490822 2.33812856859382
5563 6.73479022216237 4.0995387144936
5564 5.06052254766154 3.27740299469143
5565 6.06078233153382 3.7688279061134
5566 4.66827219237727 3.08476940425311
5567 6.47655256986639 3.98975770572821
5568 4.53814530510733 3.01932397959801
5569 6.31093650369689 3.89719450158883
5570 4.76025838168721 3.13637268202914
5571 8.23654124171784 4.83240030925335
5572 12.8629650053012 7.06641732710163
5573 6.38671539709722 3.92966700419796
5574 6.97249565766269 4.21788326871955
5575 5.81145267335138 3.65376769076091
5576 7.63679644668327 4.53852650088002
5577 3.71653528412657 2.60439364693091
5578 3.46062524512278 2.47441900201427
5579 5.72494755347738 3.60596837109683
5580 5.20209390760084 3.3487071020118
5581 5.31567301387503 3.40459758153845
5582 6.55780911635987 4.01632932556544
5583 3.35013419733188 2.41716102989091
5584 4.04657426920333 2.77217191908002
5585 5.61770483225585 3.57416223464004
5586 4.08088372316773 2.79095157615832
5587 5.47087390037871 3.4844071432543
5588 4.53847106495393 3.01959709737074
5589 6.85139623999701 4.15766129510955
5590 3.36678003135451 2.42579641071336
5591 7.06691914354722 4.26375848269245
5592 8.61801741026101 5.01081852547434
5593 5.22821234833796 3.36905427564141
5594 7.29742533747123 4.37524323126633
5595 4.92093449104501 3.21609426182225
5596 6.56759189014372 4.01942645584667
5597 7.76102251040287 4.86238603627853
5598 4.59333424509077 3.04574240101699
5599 7.01184662052969 4.23765301603194
5600 16.9417179176931 9.02579779642304
5601 5.57928880814309 3.53587591388251
5602 12.3405373832552 6.7975755363582
5603 3.13794927701937 2.31074353908049
5604 4.21270434399068 2.85848321974088
5605 10.2612259079531 5.84314768515303
5606 5.36095458548603 3.42789880126243
5607 5.04956740585507 3.32423770063365
5608 8.00115899977392 4.7186038949452
5609 4.76636040858993 3.13268104387753
5610 4.92536549990393 3.21149607059111
5611 7.08211822818397 4.26832346506346
5612 5.88751384894481 3.68729550466042
5613 8.82927490281211 5.11337979856884
5614 11.1960186640263 6.2606411475018
5615 6.6529865557386 4.06873641626237
5616 6.0697084171772 3.77783496781768
5617 4.9502196265022 3.22400321368826
5618 6.64451101746442 4.05737345581444
5619 4.06850397147242 2.79935969291504
5620 3.60897512011265 2.55002975891263
5621 8.50195520031677 4.95431102255832
5622 7.7075952224701 4.57002902561275
5623 4.67474980148184 3.08740551272195
5624 9.27747911167463 5.32731432018213
5625 7.11427968110524 4.28880939160574
5626 5.13187682292755 3.31325723137694
5627 7.81996734328327 4.63013261911689
5628 4.24660151318491 2.87265968406873
5629 5.60962029310564 3.55508540658563
5630 7.54997985947208 4.49887878049754
5631 11.9246741596927 6.59974808808116
5632 14.0862649400427 7.63783018107964
5633 5.8607814184988 3.67365033321224
5634 5.93293598830953 3.70785107579871
5635 8.37974517958453 4.89896183319841
5636 7.82005804306016 4.65044411653434
5637 4.05122389789834 2.77443421291118
5638 4.31808570862953 2.90839038826187
5639 10.9316752365697 6.131364133184
5640 8.7825980868499 5.10247368918597
5641 7.10008462664658 4.28762090620489
5642 6.67844725358191 4.07554807453278
5643 5.57937870463151 3.53310409411679
5644 12.6103554733439 6.9539647110999
5645 3.90720637987865 2.7027078683676
5646 7.40681959205877 4.43174076405742
5647 2.61998859351327 2.03827379624093
5648 8.02349621613472 4.72575920810671
5649 6.80768476978017 4.22301343122914
5650 6.46755975918922 3.9701638368812
5651 9.99284321072829 5.67819541238914
5652 12.9959244974348 7.11170014947039
5653 4.47311795561717 2.98640736827678
5654 7.41279691926375 4.43130494513683
5655 5.4838080499596 3.48669101039914
5656 8.47623485200695 4.94274847273569
5657 7.71769470692902 4.57974975517239
5658 4.10005745843817 2.79998160171123
5659 8.35511097938299 4.88518755713169
5660 7.11965652448439 4.28710040255908
5661 4.90088127971507 3.19969319469929
5662 9.27377143192153 5.34045037528477
5663 6.64853246770346 4.05904551212077
5664 5.02721185038412 3.26176368390877
5665 9.9380565390596 5.6467793696015
5666 5.82149278956413 3.6534159735564
5667 9.21531862108568 5.29985141282893
5668 10.0228323776668 5.7324613502241
5669 6.67441423318246 4.07328854521007
5670 5.41318385128408 3.47645170741046
5671 7.92771066001691 4.67930152035571
5672 4.42900504614585 2.96454703277408
5673 4.95425009344104 3.22679117934964
5674 3.93769818135953 2.71917695979987
5675 9.19942116873886 5.29296294408153
5676 13.0592613662619 7.1655379818703
5677 3.15080250841725 2.31554706665738
5678 13.4810425224165 7.34193838879558
5679 4.69054610041848 3.09524579809374
5680 5.11481578068142 3.30488584401717
5681 4.80356214476676 3.15288279229032
5682 6.67031748235287 4.06905014544516
5683 18.107394409395 9.5842368243666
5684 5.24611575682797 3.36918721197832
5685 4.90572033817674 3.20554959844458
5686 3.90573590331826 2.70247766052696
5687 13.2296214751044 7.24180846722479
5688 9.13364476017888 5.25882092642703
5689 7.00427190167217 4.23438417160908
5690 8.98730029633662 5.18784917533924
5691 10.6229736253165 5.97693550635745
5692 8.19016070511852 4.80913901163147
5693 3.75755864726401 2.62790044229463
5694 7.52206912509205 4.48871878551441
5695 10.9489102550028 6.13914491390067
5696 3.89836839889431 2.69689294609173
5697 4.68686630597444 3.09260430593798
5698 6.54427008141493 4.00994598945658
5699 3.39650908846092 2.44117538700112
5700 9.6508679555478 5.51110895696934
5701 5.37639546043472 3.43647343306635
5702 2.99259674191456 2.23229252959313
5703 9.46770991257018 5.43282423582651
5704 3.56959043311102 2.53025506574865
5705 12.2726389141047 6.77159474937588
5706 3.91895902994009 2.70705693157282
5707 7.21053286998446 4.33639729087915
5708 5.62678047897565 3.57850891460814
5709 5.90083684938534 3.69342714587057
5710 4.26954969705837 2.88440270968823
5711 11.404475154637 6.3534697260452
5712 10.5223144505007 5.9283235612289
5713 4.74894355174081 3.12494378788456
5714 10.8890762416574 6.09734694274203
5715 5.17887534964254 3.35992362581879
5716 4.22342854744061 2.86448811513013
5717 6.49674941098584 3.98333292608984
5718 5.87622820320369 3.70663451354245
5719 5.33764703047699 3.4154798610277
5720 6.2834729546054 3.90102932000544
5721 7.15405202544743 4.30256354853249
5722 8.42085025724686 4.91795874528662
5723 5.75820897860412 3.62139164071555
5724 11.4204423840135 6.36823682206176
5725 7.50124386444043 4.46958022981815
5726 8.57634502991642 4.99786942606672
5727 6.85284005840846 4.16913189329957
5728 6.46852366206595 3.97305467679969
5729 4.89314384559324 3.20486415726891
5730 6.81940190278836 4.14679726607432
5731 17.5955870418439 9.32117956529163
5732 5.38381658260182 3.45473256225893
5733 14.3288517850909 7.75899402466113
5734 9.16230906603626 5.29333161963738
5735 11.4040210108897 6.36173008175557
5736 6.75689597420645 4.11904198202353
5737 12.7024252046082 7.01500578012689
5738 7.20498031220889 4.36447666136132
5739 5.34695392514839 3.42774837637468
5740 4.9380151558701 3.7241589562364
5741 7.70468924764723 4.57746904774464
5742 4.66325856801953 3.08942283940296
5743 5.87223572835192 3.68613244661611
5744 16.3541748297611 8.73307095214693
5745 16.0732410141605 8.58878916595902
5746 4.10060549036629 2.84780835584374
5747 6.52403821525079 4.00483173044188
5748 8.046695191803 4.749635567735
5749 8.37659608713986 4.89782308812137
5750 7.14505017196646 4.30639644070881
5751 7.87578868774976 4.65769419476571
5752 8.32565494795765 4.89545135876508
5753 25.2325739226045 12.9470334566714
5754 6.55699743139043 4.0182902309761
5755 7.25081621376025 4.3636116634238
5756 7.43427913527811 4.45375069160126
5757 7.02873747536374 4.24784896692753
5758 7.55646580407424 4.50793241214938
5759 8.44534291842284 4.94557563201731
5760 8.77842188314278 5.09331595483276
5761 8.36776283083696 4.9041171101617
5762 4.9393693406734 3.22549356953876
5763 7.46564652708199 4.46174602624184
5764 16.8906389490565 10.0012521827882
5765 11.2185442021004 6.26877408943542
5766 11.2410761714613 6.27884335352712
5767 4.65264207283754 3.08210957809825
5768 7.285132243959 4.39231337590223
5769 9.54200699172653 5.48579758967921
5770 8.09136126793998 4.77577172398544
5771 8.385090221287 4.93282763130315
5772 8.06108243327234 4.77761190994604
5773 7.28579952052932 4.3832015629702
5774 9.20514074351646 5.30542427934806
5775 7.17665459142944 4.3244571776569
5776 8.53430841774274 4.99180036000139
5777 15.3872874747267 8.2814385946112
5778 9.77284806353579 5.58024993846895
5779 14.1925307119171 7.69617222813604
5780 5.92194245441831 3.73481973898375
5781 6.79797182959496 4.13696835443853
5782 10.3714910073014 5.86405291915343
5783 5.75060740697416 3.63906627371254
5784 9.44467959876189 5.53806616273476
5785 7.32147882520141 4.38707191925834
5786 5.25781984129618 3.38330458235142
5787 10.0935353274728 5.8303677670876
5788 13.128502446716 7.1863506673271
5789 6.71219628806085 4.10732577708139
5790 6.8111583277841 4.17642744810808
5791 9.12205608079817 5.26012016531812
5792 4.66883125604249 3.08965178602381
5793 12.0868353915894 6.6997426746989
5794 5.45556157782238 3.4826220652897
5795 9.89296804403234 5.6415265200809
5796 14.6429159687847 7.91216953226736
5797 17.59850282895 9.34579904699446
5798 11.0525728831669 6.20293512891429
5799 7.12430288977822 4.3613581218017
5800 10.323809440584 5.8353606708173
5801 9.0878221606974 5.24659441796243
5802 6.03687246552023 3.78346295695386
5803 13.0913425803347 7.20374070699103
5804 17.8097614323188 9.42133130333648
5805 6.33770646811429 3.92068921952549
5806 5.61233491231546 3.56567640792361
5807 6.49649227245574 3.99389873052789
5808 3.77053152958126 2.65216769608758
5809 11.889596396901 6.59725724543523
5810 7.26218118834247 4.37282097071006
5811 6.63312411364475 4.0630045507702
5812 8.96519826314745 5.19251505282461
5813 12.0565717388072 6.68722779031727
5814 7.66038825989745 4.59250518867839
5815 15.9180480588891 8.52658293197265
5816 6.24693962526851 3.88307177196077
5817 7.34545462167488 4.41606049819468
5818 5.02035297499789 3.27021106581366
5819 10.2633129574331 5.80918152355861
5820 8.64543619678194 5.04232354886308
5821 6.76992235284377 4.12341045090416
5822 7.44497437607701 4.45444583753616
5823 4.6347798675857 3.07664461546712
5824 6.43919775741173 3.96376523955832
5825 6.65366236590462 4.07448431539097
5826 13.8221305327016 7.65327859070046
5827 6.98544903567999 4.23590577422425
5828 4.43513994391991 2.98469833424232
5829 7.59305485542958 4.53803219413741
5830 4.12062419020411 2.83654273776469
5831 6.54435780404357 4.01550722314886
5832 5.26754371788749 3.3842840533946
5833 9.69587922145835 5.54914270166578
5834 11.9132567940569 6.61239221230898
5835 6.08918109538526 3.79735552009614
5836 7.54312034984588 4.52081032107965
5837 3.76191307970898 2.63200364821582
5838 5.258853304673 3.38274739475495
5839 7.73799314551883 4.59028809287537
5840 5.96520393399897 3.72995790390495
5841 4.82359462005372 3.17050391867517
5842 7.14381554308057 4.3106583147257
5843 6.13093767127895 3.81126441645469
5844 11.4984331761843 6.42407611125072
5845 10.7387945417465 6.03507197179179
5846 6.25958109278365 3.88947780388397
5847 5.34477635279549 3.44360109033078
5848 10.0510947498407 5.72254988083974
5849 7.72939148150342 4.59560837853859
5850 9.2914475036803 5.42517320116474
5851 9.93447860964453 5.6478902677192
5852 5.84496290187376 3.6796247939512
5853 9.80238967387544 5.60621600884002
5854 6.14187261858297 3.82025560391416
5855 5.34612025787061 3.4273408062624
5856 8.6309550334853 5.03102735582492
5857 7.27654173574392 4.38408420135342
5858 5.7042611874397 3.59991973951135
5859 5.45648917816319 3.48062106704699
5860 6.19123375415843 3.83925594976097
5861 8.03828311153811 4.74073708776798
5862 18.2655875818293 9.65690163259513
5863 12.4108677705081 6.87417305452847
5864 8.34763147878583 4.89020442613447
5865 6.9584598875924 4.20978801906535
5866 10.09400455057 5.72554447830558
5867 6.61355028540635 4.05100526377886
5868 13.14421669231 7.18733254093377
5869 5.8943739741121 3.69954718663353
5870 9.88824759206626 5.62870852281902
5871 9.70096980803656 5.56715142178704
5872 8.60133692971782 5.01354128357069
5873 9.69489253642485 5.53193634447628
5874 4.30669271893345 2.9100003400747
5875 7.40626478670104 4.43453137650638
5876 5.42628989005374 3.46461590959689
5877 5.65398096088202 3.58386801414048
5878 8.54270487731635 4.98755814450501
5879 7.92632661275611 4.68918612615232
5880 8.17900959488337 4.82254736945293
5881 8.1785484232307 4.84157756006867
5882 10.9730604643156 6.16281727351044
5883 8.47877333231826 4.95339007149814
5884 10.1244071277685 5.74173077229541
5885 6.27460731602696 3.88986644787291
5886 5.61956749445491 3.56766763603338
5887 7.27512846417922 4.36849335338734
5888 9.52614704052676 5.45349962434472
5889 5.77836878215289 3.6616215068532
5890 3.42764302635451 2.46436851395077
5891 13.8624947338247 7.53244581988529
5892 2.74911187422052 2.11605205933225
5893 6.61084739032264 4.04599356664364
5894 6.13630486039949 3.82128423317046
5895 10.8559860325596 6.10191864435327
5896 2.49457335018841 1.98381235945386
5897 7.99315601431478 4.72822024217171
5898 6.33328456236231 3.90610928849465
5899 8.75916023906024 5.08135780080133
5900 4.21883417634476 2.86592723897514
5901 7.77267782730204 4.60857456670616
5902 22.5673820258994 11.6904830624358
5903 10.0259469138767 5.70800239983222
5904 6.37214240473849 3.92629467201062
5905 8.27503681383131 4.87367380503291
5906 6.01193098731114 3.78162483748619
5907 9.65867696929868 5.54346672861675
5908 9.4402297582621 5.41127983122104
5909 6.98345700753792 4.245906343601
5910 11.606517425175 6.4634160428161
5911 9.18891540322254 5.30105500948318
5912 11.5357472450266 6.42463853943616
5913 6.24928830665177 3.87612467791462
5914 3.68322080799125 2.59217984512862
5915 6.72045506786436 4.10278416874181
5916 6.5917764698814 4.05878124851487
5917 4.51228160061675 3.02039519066101
5918 3.93168982721623 2.72149809153602
5919 17.9862591904648 9.52599967524765
5920 3.2728891920509 2.43838005386696
5921 8.67856130611108 5.04696532289437
5922 5.3087148630884 3.40842569887166
5923 11.1401982279639 6.24698023281047
5924 4.31801705289458 2.91654294493528
5925 15.357880300074 8.2409018004994
5926 6.13311761965999 3.82162697349291
5927 14.4738643247958 7.81807083886077
5928 6.3638000031654 3.94499116559813
5929 2.72443902848857 2.09994574535916
5930 8.03102410745024 4.78119694539939
5931 6.99715978027502 4.22977639328025
5932 14.9417131253411 8.04673961213505
5933 8.66558281805642 5.04232862260542
5934 7.56301517678763 4.51554827239339
5935 6.73882516719268 4.11679802831759
5936 8.48632036556075 4.95928689403387
5937 9.4454824028352 5.4188579610432
5938 8.38716892123946 4.91790752004743
5939 12.7232276670145 7.00071715219695
5940 5.49185014455511 3.49433062744369
5941 8.24403005249506 4.83546560319618
5942 6.08123301396477 3.78585196051916
5943 6.05809161762582 3.82283746097523
5944 3.49484590673695 2.49956317605129
5945 5.36845441024228 3.44513712959908
5946 5.90310562253155 3.70338240875455
5947 7.36072707666358 4.41154203305732
5948 6.24769290633389 3.86668745612297
5949 8.12047907590585 4.77795528653798
5950 11.3016786266237 6.31660462475558
5951 5.47767909072233 3.49662487373421
5952 5.25460758837354 3.61586498933815
5953 5.69021875518139 3.6092896444285
5954 5.95916661088287 3.72297915847539
5955 18.0169193267465 9.51405007760963
5956 4.85843368635609 3.18433071443965
5957 10.3845529468263 5.87728854034613
5958 4.99674835156235 3.26662126283141
5959 9.88549249814288 5.62944828760259
5960 9.42974628468054 5.40972669858474
5961 7.57026556724535 4.51719110077609
5962 2.60223466420451 2.07201817220663
5963 7.84558844760455 4.66304539645492
5964 5.16030563725483 3.35079400433784
5965 6.63629078103245 4.05666136234636
5966 3.35444296681594 2.44916535853069
5967 5.26151428069104 3.39393573275517
5968 11.0672657344717 6.21072195384668
5969 5.16916371207721 3.34148566570545
5970 18.7155733177493 9.85802986134173
5971 11.6472687186691 6.46956840360754
5972 5.57143908309238 3.54177882761078
5973 7.17898779159483 4.32735553160189
5974 3.98382804615272 2.76096236672748
5975 11.4464360453166 6.37709330148019
5976 9.56217459671475 5.47853865390904
5977 9.36231734834324 5.37653860486151
5978 9.02702740489798 5.21676064094852
5979 9.67423725139965 5.52429525642912
5980 6.46299212030257 3.97780835820676
5981 10.2668689821821 5.80984730948317
5982 6.44306971582134 3.9603388555381
5983 9.00646718278892 5.20630639273099
5984 6.91887794674722 4.1928969961886
5985 11.719980615767 6.51411786959834
5986 11.1836134533055 6.24529230760707
5987 4.07687932352986 2.79009510084759
5988 6.85498203189116 4.16498244972113
5989 8.49542619660148 4.95927176510579
5990 12.4028529037515 6.8838366890496
5991 11.6975151878641 6.49121503472848
5992 7.78633610537209 4.61529138483599
5993 6.72416525284613 4.09903015406844
5994 6.07299470925975 3.78225580632551
5995 7.57543285455621 4.52118657659568
5996 7.42470877657347 4.44537886022091
5997 9.46989276078405 5.42721429443243
5998 11.5645627260305 6.42824386257305
5999 13.9916699765496 7.58573905516542
6000 6.46968139671428 3.980299742262
6001 9.51591067012142 5.45791608574427
6002 5.63475568451582 3.56698129235066
6003 8.38321479855735 4.90684477763647
6004 11.444687079654 6.37126046984445
6005 10.5845136270646 5.97103075576944
6006 9.55429120952125 5.46770598101378
6007 4.74067348837648 3.14253882301114
6008 5.67168950257012 3.58301905941756
6009 8.57100655047998 4.99426456711965
6010 6.07282314940556 3.7819891760603
6011 5.41646510189328 3.45978012748457
6012 7.31417460613597 4.39466507527763
6013 7.80261139631197 4.62363461475874
6014 8.60319228038219 5.01053147645368
6015 11.8288864682722 6.55478635560596
6016 6.52632024440199 4.00487654988175
6017 4.84338910998866 3.17350581560246
6018 12.0816937337768 6.69379839164218
6019 7.99307405590715 4.72107404648199
6020 11.6358176651254 6.46965867184502
6021 9.31219226818629 5.3527374662457
6022 15.974837687666 8.55131580954168
6023 8.37779077605602 4.90188821188557
6024 8.45770809082652 4.94353532130177
6025 15.2249667633345 8.18073944469235
6026 12.384346610057 6.82604073086075
6027 12.7650370133681 7.00523861320419
6028 5.29311459260892 3.39494990283438
6029 11.4669153688605 6.38474483495081
6030 5.36192461601565 3.43366182354008
6031 9.0599183610451 5.23704399989407
6032 7.80857310641571 4.62379605538373
6033 10.2665157321944 5.81515733205975
6034 9.14646941540959 5.29267506486406
6035 7.54673584394433 4.4990566785887
6036 7.75060706623787 4.59847515986123
6037 9.24653407643772 5.3229677780148
6038 5.93256844863259 3.71242603525939
6039 7.744879461907 4.59337629991933
6040 14.1583404752452 7.69268651870707
6041 7.50497129615224 4.47900764023756
6042 9.27982263475581 5.33650909783173
6043 4.74884414817657 3.12766795628456
6044 3.3048619405838 2.46321190048704
6045 9.57962938321528 5.48531803810456
6046 8.52881739813101 4.97201571853134
6047 4.85438264559464 3.17832948084829
6048 4.80173244563725 3.15375040493819
6049 8.16475101768301 4.801520388077
6050 9.06483468598713 5.2347037863908
6051 10.7125219026387 6.01937478026667
6052 9.16648667320428 5.27978211404635
6053 9.85577354766132 5.61997273495495
6054 8.15555275451402 4.79167885121854
6055 4.26200360018402 2.89035405545781
6056 7.51287786749489 4.48305136902111
6057 10.8685004906336 6.10125851295172
6058 8.91339507553025 5.16215817475394
6059 4.50463542293352 3.00469264495798
6060 9.57859894386048 5.48831379608167
6061 12.4573738698689 6.8554796287861
6062 7.87078007512238 4.65967933404787
6063 10.3938691773159 5.88797875970953
6064 11.473807288566 6.37821850090601
6065 10.7935062784211 6.05271277854081
6066 10.7490370962365 6.03030541618466
6067 6.19424785462191 3.83456950913063
6068 18.7992189212613 9.85741381521581
6069 10.0469762981262 5.70140379066245
6070 7.5575287556194 4.52668747306553
6071 13.9907470317004 7.5838007530616
6072 4.61147811830898 3.0632929258176
6073 11.6414778330603 6.45913147157612
6074 5.80139523373047 3.66919105112212
6075 5.4765066228618 3.48344503832296
6076 4.84842485406107 3.17219384656906
6077 6.57774149287347 4.02098526117822
6078 9.57640539024323 5.47036255079454
6079 6.41430209790112 3.94245645932829
6080 8.520020508622 4.96275333504873
6081 14.0183446523857 7.58741887138877
6082 2.86160406375687 2.16531868712725
6083 5.71098405388654 3.59839545725954
6084 5.3367623843475 3.41711182625955
6085 10.593452062659 5.97429036822065
6086 10.3201597487881 5.8386510699034
6087 8.03465951520159 4.72968814287244
6088 8.56475226750085 4.98753057049733
6089 10.381131912058 5.86327147968173
6090 8.92750657767654 5.1574046153033
6091 4.56847919277114 3.03998201091168
6092 11.2321040996535 6.27063704241476
6093 9.63707017576144 5.49935080609234
6094 12.2712949268862 6.75560998507334
6095 9.64880631546936 5.5049103331487
6096 8.95509433048894 5.17602969288629
6097 5.33680578810226 3.41820505085117
6098 4.49732497299701 2.9986120343675
6099 10.258150666999 5.79540891136138
6100 6.24329962774114 3.86221012211758
6101 5.80364439358991 3.64573131725906
6102 5.70378561292087 3.62419926165225
6103 10.553902793815 5.94176152835007
6104 3.55569009270487 2.52268770673235
6105 12.8561906030299 7.0357005137034
6106 14.074293181159 7.62882670218219
6107 10.3730077503093 5.86078914973856
6108 3.57551593860405 2.53339329550012
6109 1.17415861820122 1.22377562843322
6110 4.83383142550791 3.17061454857002
6111 9.10555559484875 5.25288401460304
6112 7.09581234374399 4.27678476984422
6113 8.57941290749266 4.99146802051515
6114 10.8055112778943 6.07108473950301
6115 11.0539576365805 6.18450277505602
6116 9.14202612018778 5.26448488761425
6117 4.2462778049058 2.87210229186159
6118 9.11025065626635 5.25088957035268
6119 14.5532924264002 7.85504574786807
6120 8.94973269487978 5.17515915240175
6121 4.74071378480149 3.11785671772647
6122 8.61258608093106 5.00952334408202
6123 11.774853502108 6.52097600758268
6124 9.48768549476685 5.43304316335565
6125 15.9770441969556 8.53482003588257
6126 7.29362494131302 4.36997861992239
6127 8.37904358155961 4.89624349009227
6128 6.99401846841766 4.2249959740991
6129 9.87518780587623 5.61364848192545
6130 10.4423973839243 5.8972727943485
6131 6.75550754370666 4.11148984429082
6132 5.57571616503375 3.53272352127852
6133 5.30484273328426 3.40115514743841
6134 6.90405935042575 4.18108403612429
6135 7.34028551695831 4.40521439075987
6136 7.33425827296143 4.41593022594257
6137 10.7159127333343 6.02303579428278
6138 17.7108388557232 9.37910757875289
6139 7.53772243432623 4.49544249248225
6140 7.57783305364013 4.50701400655186
6141 20.0267018146911 10.491558052996
6142 10.8947509663805 6.09856983258465
6143 9.01621732830566 5.22163692006591
6144 4.64606750275602 3.07245449824337
6145 8.99384694951296 5.1933707332917
6146 6.73201519834222 4.09900738289939
6147 6.65880482009608 4.08263229657682
6148 6.40600186591942 3.94241507300307
6149 6.03065168502661 3.75422170158751
6150 9.50915566894584 5.43947775291484
6151 6.74096872991004 4.10109466493337
6152 12.2663211768467 6.76070439247061
6153 6.93419107805272 4.19744817079719
6154 8.71579178631671 5.05954838326
6155 4.95440244476225 3.22678278297569
6156 3.01027750739845 2.24788886361679
6157 10.9626436177194 6.13546952189491
6158 3.47092299910565 2.48001645515123
6159 8.50541744365815 4.9561307760923
6160 10.0799561231038 5.71087028648588
6161 12.0418807468138 6.67777308262028
6162 5.61567093165301 3.5546078743992
6163 6.42330013468646 3.94589234665068
6164 10.1686594823768 5.76240707115744
6165 8.91334516301242 5.1539182087984
6166 7.69505321923071 4.56793570568281
6167 5.15345568419787 3.32393495569076
6168 4.40737567748982 2.9573819281703
6169 4.95893758167803 3.2280533830824
6170 4.70132205128923 3.10137587292376
6171 9.02953665667225 5.20600052806439
6172 4.41399528315154 2.96022165302286
6173 7.01313875992064 4.23367838731387
6174 15.7227342652456 8.40648980048162
6175 5.29638662207101 3.39820640855275
6176 9.79338004467286 5.68668976999983
6177 6.37337100147819 3.92102490753592
6178 7.22138505958829 4.33711478542594
6179 8.92533709159055 5.17734086028891
6180 5.74368864634481 3.61331615408695
6181 10.1247280529502 5.73430599566333
6182 5.94967305600658 3.71432266802446
6183 6.47552210547663 3.97615491542945
6184 10.4633365034116 5.89769774912596
6185 5.33218256746676 3.45405037233869
6186 14.5247752202569 7.83373011506551
6187 5.5224107181927 3.51510215502473
6188 10.8188675034665 6.06674992855506
6189 11.2783497826587 6.29385843869467
6190 3.64711337321017 2.57148496326066
6191 8.35633582595631 4.88265358301664
6192 7.43088045175411 4.44428832307421
6193 5.20616759852904 3.34961290349069
6194 8.96031034739141 5.18443316757857
6195 6.42268720578516 3.94576606070426
6196 8.67728005102524 5.03750708365452
6197 5.46654541389743 3.47763257036969
6198 10.4571431843982 5.89526821398334
6199 25.0959024123656 13.0466355508461
6200 7.79120266333948 4.60894993526228
6201 5.0033698986332 3.25261289325944
6202 10.564470541432 5.95679766117656
6203 8.50651862593579 4.96022474695248
6204 8.68624608818373 5.04210175247084
6205 8.81900550709198 5.12646244883337
6206 13.797880660145 7.50188491518684
6207 7.4961245805135 4.47169827632104
6208 5.8136559905289 3.64768277595204
6209 11.064061939046 6.18331480599371
6210 12.3511311342421 6.83611212571961
6211 12.4917512498242 6.88298788707028
6212 8.34639949796042 4.88969043543502
6213 5.5453575330689 3.51992576414448
6214 9.3012682897959 5.34423971477468
6215 5.99611718078156 3.74715804270571
6216 7.53430327618117 4.48623448189174
6217 6.65741312068535 4.06265456652421
6218 11.9350611495929 6.62535037772795
6219 12.9103543799141 7.06629236679226
6220 14.6346907589632 7.88886869983457
6221 7.06926672281275 4.28003752519257
6222 6.57336007768348 4.02142586404808
6223 8.01015459160455 4.7154022784738
6224 5.13762858960479 3.31631897403741
6225 5.04982372683523 3.27180428264269
6226 9.2236853189401 5.30048655700023
6227 13.7687041197625 7.49534269099504
6228 6.93979128953353 4.19951196009755
6229 4.66593304336328 3.08291102157839
6230 21.5325597847439 11.2162594040244
6231 10.9738521901658 6.13696341603996
6232 7.55096530261526 4.4939229679753
6233 7.78981481344296 4.60852027248752
6234 8.565521417093 4.98911301852505
6235 5.48809082196349 3.50745952187049
6236 11.977913913911 6.64034006264113
6237 8.09826674663691 4.76031348915444
6238 4.33724430318778 2.97967245367528
6239 10.4522693996852 5.90167769625574
6240 5.73610610502527 3.61098105622599
6241 8.10303401024357 4.7966086486446
6242 7.50149744020669 4.47365608757492
6243 6.22511779585269 3.84975781350756
6244 5.50413894699659 3.49704712919856
6245 7.06463955180192 4.26289822864655
6246 5.63487544413727 3.56118211965113
6247 8.58777957788887 4.9969302386382
6248 7.41995530757283 4.43307949644282
6249 8.99644453950225 5.19292163255963
6250 6.20341845143652 3.8408986456105
6251 10.2632758509771 5.79839681256375
6252 5.98816388916372 3.75701939096424
6253 4.69096495331222 3.14542105319224
6254 6.30958652524653 3.89295870957495
6255 6.16527714678133 3.8236104556333
6256 11.9491328783061 6.60377948477376
6257 11.6905832626619 6.48433269111437
6258 3.3312486629017 2.45251968171931
6259 8.88339407540596 5.13656855491291
6260 7.3093346849938 4.37720419699175
6261 12.5874939272912 6.934212506009
6262 8.73371839810055 5.06615907002479
6263 10.1078978714164 5.72245939473696
6264 12.4045049829149 6.84225921262136
6265 12.8193249562383 7.02742496660882
6266 8.89458731879057 5.15265768186802
6267 9.32623908799077 5.35959110036715
6268 8.76442194621481 5.08982623522221
6269 10.666255895749 5.99323830555708
6270 9.34631471634387 5.36568130890475
6271 14.4956547934343 7.82443222163667
6272 5.80066153801571 3.64160934175658
6273 4.63627979393729 3.0673127738727
6274 11.6761103635122 6.47878472186619
6275 9.36916665584952 5.37292246994824
6276 10.7287036988582 6.0252882141041
6277 9.30016611096928 5.33664769131117
6278 11.9834619225085 6.64468008112114
6279 11.8595623895045 6.62392669586134
6280 9.53848996277367 5.4526652922867
6281 14.7901351586624 7.97041964817211
6282 6.37075613649817 3.92169599015125
6283 6.65761094054257 4.06145658642775
6284 7.10712305539721 4.28047742826729
6285 5.82005342470509 3.65271382370076
6286 9.34617761936799 5.38582251669668
6287 6.05916841725666 3.77033747977665
6288 7.56548034657254 4.5100785119252
6289 12.5073426393394 6.87657119334848
6290 6.99139348326254 4.22828652102851
6291 6.20243588994284 3.84303567513182
6292 3.35879642595051 2.42083062440593
6293 5.7642069806551 3.62879395752603
6294 7.72853946750371 4.58402121621484
6295 5.72618578798819 3.61199003812373
6296 6.79698763202206 4.1302456274875
6297 7.88757280773086 4.65422022633017
6298 13.1883676187966 7.20410652197688
6299 3.67417342173669 2.58447178492937
6300 7.05140120057337 4.25260661341882
6301 5.10597128818066 3.30237994022639
6302 3.95547118506647 2.72483717477547
6303 7.04168715365181 4.25611171452653
6304 6.51304756282575 3.99749157026657
6305 2.29286094256046 1.86294689638242
6306 3.47309360907549 2.48412855870518
6307 6.35349731704139 3.9141735654709
6308 6.44463317289804 3.95793582539224
6309 2.25903030979585 1.84214264107508
6310 6.56667754140435 4.01798816866443
6311 6.35866286098031 3.91525630720465
6312 4.91108385944231 3.20479532787998
6313 9.01411343837838 5.21116644409613
6314 6.43133904736679 3.95498765282058
6315 11.1334373127824 6.21938343738964
6316 7.48757319313233 4.471149762431
6317 2.86671283558148 2.1670400122746
6318 5.05681534783098 3.2752495797051
6319 3.52627063025063 2.51519514941133
6320 7.17084450591225 4.30957178598105
6321 9.54716105334903 5.45887292605443
6322 5.72165778466152 3.60181114508687
6323 5.78130023605767 3.63206431397818
6324 3.03662011142234 2.25887124031561
6325 2.89556943931176 2.18432728044555
6326 3.49164373929063 2.49098117154586
6327 4.83067395414338 3.16290561712565
6328 3.25363187191277 2.36680439610916
6329 11.5586047908599 6.4217443656207
6330 3.94587917389492 2.72568547391167
6331 6.91300282452849 4.18557416423817
6332 9.72706710414919 5.5519064959471
6333 9.25658874706955 5.32087630231412
6334 5.9324158006122 3.70919828689276
6335 5.58346363274158 3.53450916786921
6336 7.26004062141506 4.3569679634041
6337 5.18056359269663 3.33591050482484
6338 3.47909878328165 2.48421781348133
6339 3.2710866377033 2.37872787989677
6340 4.75102363349685 3.12296080007936
6341 6.59925815564696 4.03406903096622
6342 3.56991632461322 2.52893960254257
6343 7.11921867906557 4.29326888556007
6344 5.64727201012664 3.56807281718834
6345 8.63169802910921 5.03529710500156
6346 9.07243699044064 5.23046018416744
6347 6.55010853428274 4.01335925648965
6348 3.49249240989927 2.50531766771576
6349 4.51828563963236 3.00863283001669
6350 4.36377197225932 2.93137704400674
6351 2.93993691129771 2.20441518544011
6352 3.73189726090188 2.61246415427358
6353 4.85865728830562 3.17841174909732
6354 5.34289145160087 3.41629769106478
6355 5.16846633378028 3.33620558937873
6356 3.5630052510253 2.52642176486664
6357 9.81275131822739 5.58735103473291
6358 3.69987925810605 2.59762819058846
6359 2.22192399647211 1.82259012611616
6360 4.68300446588391 3.0901044741274
6361 10.0753139059597 5.71868412358832
6362 6.119127549266 3.79746220089285
6363 5.46477364681356 3.4777011743551
6364 4.30856303112322 2.90275344259776
6365 4.54478872853056 3.02277734903147
6366 6.43542381755372 3.95839259257634
6367 10.7522839211219 6.03343200077174
6368 16.1486001134094 8.6215398302701
6369 11.4058031949072 6.40957072062649
6370 12.8904961797625 7.12612242089871
6371 4.93900970678653 3.22703475706335
6372 3.93056722786549 2.71286752346427
6373 10.1023414276686 5.72387272097934
6374 5.9566488571031 3.71853868355539
6375 6.96961503998246 4.23395449140367
6376 4.65149247878215 3.07415279245566
6377 2.37187739064005 1.90395594933887
6378 4.87242887048525 3.18749793211029
6379 7.36740899826174 4.40330297383404
6380 11.1315879235986 6.21250058317485
6381 5.78674674457663 3.63351474059888
6382 3.89426681399591 2.69748039410377
6383 3.98628437572588 2.74865014442181
6384 5.30578850376 3.39920242918326
6385 4.79259515245436 3.14411364532009
6386 10.6065572543689 5.96472458755015
6387 4.58887866499302 3.04387352557782
6388 8.53327747014285 4.97229991747212
6389 7.31801455221468 4.38081679056731
6390 5.21268661543601 3.35266875148036
6391 7.59937292146375 4.521301942107
6392 4.70750691270074 3.10190248814811
6393 8.34400893285563 4.88213588261921
6394 7.01093091669759 4.23053295965873
6395 8.26306530490898 4.83998138054191
6396 6.19814068127034 3.83819385151357
6397 5.47600429954923 3.48350735777347
6398 4.99358601968919 3.25539325383273
6399 8.59472742563718 4.99801918720775
6400 8.96588086889998 5.18159120835317
6401 10.8682920139489 6.08979849474583
6402 5.395611607044 3.44237081981138
6403 6.86080960483445 4.16126707281661
6404 13.9778115547112 7.5754875647361
6405 13.9533327589092 7.60188064192866
6406 6.66866749459085 4.07068220416875
6407 7.08926568413651 4.2701925107291
6408 4.78867974387885 3.14385293825163
6409 5.89876308655189 3.69091770509815
6410 6.52967749109124 3.99899491879517
6411 9.74015803985954 5.58662061874462
6412 8.95875744041371 5.17879522967532
6413 9.34033160226933 5.35926282664568
6414 8.32546122903342 4.87327110641101
6415 2.29819510167228 1.86646760492517
6416 6.01698596334091 3.75062779302123
6417 6.07217785752256 3.77517241902211
6418 6.37148136843059 3.93156772276222
6419 4.78587660593557 3.14716813629978
6420 5.98882754318827 3.73433939216965
6421 12.9693736066424 7.18843411825618
6422 2.632627548555 2.0431237283701
6423 2.39486356961691 1.91740651150888
6424 10.455004859005 5.90080995462534
6425 3.46609337345153 2.47874529906527
6426 5.89749226003048 3.69814549088233
6427 8.04918133838709 4.73205664015857
6428 6.08940556282716 3.78816381045835
6429 12.1313387808974 6.69762997892601
6430 5.20990866013946 3.35335206669716
6431 10.8603727605561 6.09498661916396
6432 7.30889208236019 4.37881207693139
6433 4.97803284025819 3.23926241484366
6434 5.58137936283739 3.53469599656606
6435 6.4738677697448 3.97107643757502
6436 4.8496967209863 3.17763787766195
6437 4.43991601476482 2.96820279874898
6438 4.36421235501559 2.93380529001061
6439 7.58954341530128 4.51994517697346
6440 3.89030058874168 2.69874691720398
6441 5.25827067692834 3.3872491046479
6442 6.82378417053264 4.1426169810811
6443 3.43565319183503 2.46102625042103
6444 23.8406023989254 12.4117234932902
6445 9.11364079832998 5.24725539285881
6446 2.5244801446629 2.00317161547363
6447 5.44078358276647 3.46568709829856
6448 10.1227454182072 5.73489032517906
6449 2.83128103789545 2.14939846655995
6450 2.93603820641525 2.2026196610241
6451 6.41549944378315 3.96013692261497
6452 4.10552880172745 2.80243569965889
6453 7.19729602691473 4.32319324899861
6454 8.36555563018844 4.88730646391994
6455 9.99555118396918 5.67550912416215
6456 10.9615577953066 6.13587919401441
6457 7.53478766664419 4.49301976819902
6458 6.4894702154637 3.97891399799782
6459 5.25954936229879 3.37684106052648
6460 3.50375893867265 2.49524577959008
6461 8.51618883429606 4.97752248952685
6462 5.22820221023244 3.36669228327108
6463 3.89136466999321 2.69261326361819
6464 5.70591187059444 3.59771802549503
6465 5.29231190594621 3.39847445180333
6466 5.22894193400297 3.36459002339823
6467 4.41923521651939 2.95790824362703
6468 5.16672275141401 3.32941875379977
6469 5.69705450102611 3.59305905220598
6470 9.13556798089447 5.25798859061572
6471 3.51350152752104 2.50378491077103
6472 4.16474925447288 2.83238618843154
6473 6.80350286248911 4.13560900489664
6474 3.26204472692766 2.37189888296362
6475 6.005214368296 3.74334478974791
6476 4.33751925964267 2.92094032047399
6477 7.86047250175757 4.64419950002146
6478 8.74101638269982 5.08180478038102
6479 6.07795123859535 3.78086176936855
6480 7.41589850921408 4.42687210056388
6481 5.58552169566609 3.53676955389356
6482 5.69909235540123 3.59305031863424
6483 5.86945201036423 3.67827192690123
6484 8.65635127650892 5.02735805732021
6485 5.62756975100613 3.55745116111818
6486 14.2523041429851 7.71995584330484
6487 5.46744063719762 3.4773747455954
6488 5.33733907544269 3.42741164751652
6489 7.37184702510217 4.40842962756734
6490 13.2515399680167 7.23358332969867
6491 4.33972224794623 2.92032088377659
6492 4.9117905773924 3.21500187259811
6493 3.23205548111945 2.35620673129179
6494 10.5472357389035 5.96353308611935
6495 5.68151009014242 3.58784999658337
6496 11.0745605747876 6.19219764892038
6497 6.34286083019622 3.90692790407053
6498 5.31917918223207 3.40644361029688
6499 7.7887117592341 4.61242868381732
6500 2.9349349040534 2.20562659201359
6501 2.56730217692358 2.00836114010121
6502 2.50920402398033 1.97824801736429
6503 4.69311230644691 3.09822211025886
6504 12.4235993274021 6.83998509675822
6505 4.4458984672771 2.97877065285328
6506 7.00631079737016 4.23272353341664
6507 10.6565893290364 5.99772810220915
6508 4.20079176190085 2.84939346764754
6509 5.04104309445997 3.26756030595451
6510 4.50325825480692 2.99955539849979
6511 2.82168671257703 2.14252568518069
6512 8.9782355865455 5.18415420558377
6513 8.96612771487641 5.18799179157397
6514 6.36178446867394 3.91590601668856
6515 7.68539970303784 4.55965106722878
6516 10.3866151963825 5.87725877864177
6517 7.62853236992594 4.52962636790453
6518 4.07833675364099 2.78697996201319
6519 5.34895913009868 3.42124062158153
6520 11.9796285003024 6.62818208692638
6521 10.3328731176793 5.83986332979965
6522 12.5625488073911 6.93467153453693
6523 6.10807290248424 3.79236549611915
6524 3.85719637837679 2.6766178303719
6525 7.1248696455128 4.31480963291034
6526 7.46225612244287 4.45317140810914
6527 7.41877819739799 4.43036663050796
6528 10.5850289986875 5.96276915963025
6529 5.74013346101153 3.61947395734705
6530 3.6374159995297 2.57965054154712
6531 4.80027576890996 3.14889631090602
6532 3.83952676682029 2.66750116949607
6533 7.64357852328012 4.53934410078843
6534 6.07462690434979 3.77922004332476
6535 5.45198471137603 3.47189971370025
6536 8.48896159595329 4.94853193952479
6537 7.85887888092717 4.64432659447669
6538 6.61433856713649 4.0475677844225
6539 5.31100456343673 3.40600790738036
6540 8.46012409246468 4.93672374234638
6541 8.68983011414837 5.04803097382799
6542 5.56223126194648 3.52773691734257
6543 6.81979623786163 4.13880191052376
6544 6.32803052546537 3.89817793610091
6545 7.40260777474026 4.42473530018995
6546 4.2929044398375 2.89427658069958
6547 8.69901347447872 5.05382476178675
6548 2.89606905760206 2.18147242309796
6549 3.21607437153878 2.34878765527691
6550 8.01153847500292 4.71738315863181
6551 9.35513082983417 5.3623994807159
6552 8.86164877082823 5.14014149640594
6553 5.20363961952636 3.34914160910085
6554 9.69673674244934 5.53023907097958
6555 7.24267692547319 4.34617901796875
6556 7.8527330183132 4.6437455429124
6557 4.15211466861119 2.82603304498766
6558 5.58035011276356 3.53391068754703
6559 4.57296697655185 3.03772845853266
6560 4.04296849796479 2.77216985357948
6561 5.63610470776786 3.56067168978887
6562 4.23891055634186 2.87005314568727
6563 14.5724990799417 7.85913799664199
6564 3.36041570661503 2.42219034790336
6565 9.60465390808965 5.48282072790897
6566 7.7390898213394 4.58690252224327
6567 3.27357023703309 2.38332937725521
6568 2.26761544691132 1.84780526107398
6569 7.04851463879257 4.25204933671466
6570 3.63441280776098 2.56294131266329
6571 3.32246059253606 2.40576443077811
6572 3.09047961263605 2.28409657815112
6573 3.51897711852243 2.50412671377407
6574 3.82906125128236 2.66296819987656
6575 6.64122883305239 4.05470893627865
6576 1.64239057466605 1.50080442847887
6577 8.99099166122592 5.29304569782785
6578 3.36881600801656 2.42713257543975
6579 3.41168677018641 2.45004616225387
6580 2.08137988246447 1.74657163401543
6581 4.80836686159442 3.15595588232678
6582 2.88948269044863 2.17978193815366
6583 2.00456787838113 1.70721300303116
6584 4.93256202839788 3.21615354598734
6585 2.52482980190404 1.98771854102379
6586 3.11883008437618 2.30007145892645
6587 3.88139085681794 2.69102394390383
6588 4.02184286401796 2.76028781216228
6589 2.8999851852356 2.18427917947563
6590 2.03387090502189 1.7195141482198
6591 1.79209614127569 1.58545043275537
6592 2.77986701246843 2.1249640535908
6593 2.33081108446472 1.8813823536913
6594 4.60078166537402 3.05002068531012
6595 5.50703824399986 3.49979951351296
6596 2.06760963772335 1.74194855647259
6597 2.28951837366804 1.85883202899932
6598 2.46527827229123 1.95448370617726
6599 1.98276900555065 1.69271637572367
6600 3.57450783821171 2.54991109987095
6601 6.95532386056173 4.20624731288831
6602 3.75630158540432 2.62478315025493
6603 9.00089589510146 5.21588731744624
6604 2.8227954063608 2.14384728061775
6605 4.39109888015187 2.94732930816882
6606 5.32169836889402 3.41183438098298
6607 3.56883843468749 2.5322814273424
6608 1.56346333703263 1.45219032916508
6609 6.03786166994208 3.76207693649717
6610 2.93620044936406 2.20536523332562
6611 3.13295991606698 2.31452926999417
6612 7.95839494357077 4.69284856605838
6613 3.41499839767066 2.45155257549404
6614 2.92096775816676 2.19510030968698
6615 2.4677675341327 1.95570272808802
6616 2.52795113936892 1.99748428350613
6617 2.99016148069369 2.2309677538732
6618 6.99759963500522 4.23134186565973
6619 4.51222546303958 3.00620081248181
6620 5.43147040613023 3.46869343864905
6621 3.98288431133977 2.74195722859986
6622 9.55607101146285 5.46991268253279
6623 2.64839965574893 2.05091539997619
6624 2.9674112349202 2.21945827695599
6625 2.65557642397589 2.05625990752776
6626 4.6199830650077 3.06039775424451
6627 3.78286904075029 2.64073093050724
6628 7.16747652145475 4.31281490379556
6629 4.02969617062596 2.76442163839991
6630 4.33549717033128 2.91795437846928
6631 2.36938612086273 1.90680391681009
6632 1.97493353222885 1.69166834653836
6633 2.7971649367726 2.13086831405337
6634 4.5988328443647 3.0504300752081
6635 5.06344362676046 3.28245006080344
6636 2.73860972689002 2.09967505541167
6637 3.3572453986224 2.422312285177
6638 4.48259771090376 2.99266340469127
6639 4.27360950509029 2.89161285903488
6640 2.53436558867198 1.99103840369373
6641 2.8580833827857 2.1625438784993
6642 3.73935123928322 2.64433740072371
6643 3.95034246437987 2.73896625950839
6644 5.5056845271835 3.50135796371754
6645 3.76358159663385 2.63178692544049
6646 4.00202284921093 2.74926339954461
6647 3.0703134581557 2.2732841350813
6648 7.60902496742686 4.52867992527863
6649 3.20290466720211 2.34248683322486
6650 3.77927795933688 2.63998874803024
6651 3.59301581654651 2.5423245122385
6652 3.04751916474008 2.26074834422776
6653 6.04860420930804 3.76654356623819
6654 4.02437796151181 2.76135721750845
6655 3.08289627652411 2.27927246834913
6656 2.63675083714744 2.0457872000574
6657 4.15640615418509 2.82907484088628
6658 1.85129068927467 1.61734378211759
6659 3.07961227335483 2.27947034256966
6660 2.09612154885561 1.75399299854741
6661 2.88963506571753 2.17921493906968
6662 5.05368653537582 3.27485394936014
6663 3.6398517665782 2.57693859489041
6664 3.05661914907069 2.26553622895186
6665 1.48561108783517 1.40780341739967
6666 2.40196532659469 1.92015277005079
6667 4.64622356310541 3.07841364721049
6668 2.00590471236272 1.7044975428109
6669 4.60123147900331 3.07066244542733
6670 6.95278450908202 4.20839880164057
6671 3.13336597692618 2.30540389639912
6672 5.07776506576297 3.28979775632776
6673 7.27013159496025 4.36414039067374
6674 3.51822949225021 2.50364201096956
6675 5.58007143348287 3.54078134348872
6676 2.75647421326884 2.10848797919546
6677 5.0086302186674 3.26767154811206
6678 6.46022631715079 3.9660773954215
6679 7.30189628400792 4.38068760988441
6680 6.53277990870647 4.00105503383315
6681 3.29580817952692 2.40746761952149
6682 3.46153764084257 2.47606062195544
6683 7.29505771568208 4.37708561339732
6684 2.31530368289556 1.87367215264691
6685 1.64638383551608 1.50198222910376
6686 3.69762346530282 2.59539938036632
6687 4.32649726748996 2.91334151057864
6688 10.8562694640805 6.10134893228412
6689 7.42840075077064 4.43742401640571
6690 4.15337545501327 2.82666477664367
6691 4.26512244753863 2.88295217414886
6692 4.3433406057449 2.92331388843675
6693 2.92170691709035 2.19540286051418
6694 1.847835153776 1.62104550530265
6695 4.92773330928707 3.21355077333918
6696 2.4926695681091 1.96846188174014
6697 2.7382769206781 2.10076098364748
6698 2.01970741618694 1.71218719294522
6699 3.75889442591472 2.62577034736
6700 5.31568572616878 3.41544738053688
6701 2.96946634141924 2.23053115378101
6702 3.89688965067144 2.69822471306913
6703 3.65239920000998 2.5739530898343
6704 4.92018474021768 3.20974332934945
6705 5.1575374398417 3.3422161826246
6706 4.65255918621586 3.07674313871378
6707 2.7465912994214 2.10349589106633
6708 3.76039663845954 2.62806031458715
6709 3.2771441474003 2.38124130044095
6710 4.90789204880219 3.20632265665995
6711 2.946222121525 2.20838644617913
6712 3.43677971415227 2.46804766945345
6713 3.43987989218203 2.46375429805089
6714 3.68026054172285 2.58914459937115
6715 2.69657077593896 2.07726605026161
6716 5.08099589864808 3.28854422109892
6717 2.87428822876639 2.17353990655175
6718 4.80975503138615 3.18261416277431
6719 6.17818784573256 3.85832179227986
6720 7.64886369871731 4.54398394128137
6721 4.01460109001478 2.75673003025587
6722 2.44001330417837 1.9424874031871
6723 4.63992874609049 3.0705790330332
6724 3.71290364460072 2.6035265304283
6725 4.16875453613026 2.83434687184905
6726 8.0008203957544 4.71345607137916
6727 4.15041305055842 2.82751037695677
6728 2.36230239832272 1.9006011389639
6729 3.90771288376268 2.70248112296854
6730 3.57948233312272 2.53713131140849
6731 5.9772883760779 3.73630326968891
6732 4.01498150379722 2.75800015121363
6733 4.87136060750255 3.19204350006584
6734 5.39990648975127 3.44890305007348
6735 4.58112064342298 3.04196649389313
6736 7.28489683017957 4.4159913467685
6737 5.3118111009476 3.40434545556286
6738 2.78902760517248 2.12628158344098
6739 7.59071426430722 4.52648298048723
6740 2.26767479645795 1.84693609173859
6741 5.06181815904487 3.2819918861195
6742 3.28664387181845 2.38553873280358
6743 6.24793367985588 3.86400439212403
6744 7.98448999406124 4.70798837976716
6745 6.96401446593529 4.21847129793688
6746 3.22976975103932 2.35762970049097
6747 5.53418954893736 3.52863457713999
6748 17.7342007471305 9.39491965071583
6749 4.79135086785614 3.14999379276698
6750 2.9244138950382 2.20118777900381
6751 6.19168930726901 3.83729823091835
6752 9.21344846095582 5.33062930824277
6753 8.33178523916217 4.87603662967202
6754 9.20615629648359 5.30869149870604
6755 4.13402025742602 2.81780179074743
6756 7.4531871163046 4.45300428654466
6757 5.36849613103134 3.43432016173638
6758 5.40638143242227 3.48377678960346
6759 7.18348678867502 4.32075711097778
6760 12.9559700155035 7.10566494454764
6761 4.05366547312333 2.77659830269122
6762 5.06141477737604 3.28650671494916
6763 6.97921961607035 4.22211540938368
6764 4.09789356996655 2.80127909787151
6765 7.95566218392001 4.69327575405532
6766 2.45723038119467 1.95118440023603
6767 6.30278165625806 3.8948851778019
6768 6.58546604896118 4.0438189503902
6769 3.91619606744336 2.70729295552156
6770 6.901838830629 4.18309874312996
6771 6.47550938998757 3.97446078154569
6772 3.17372033447851 2.32993669314123
6773 2.55786735263845 2.02481691523178
6774 9.71829556570631 5.54572041558798
6775 5.93287256860249 3.71247652415921
6776 5.57480320596475 3.53570677862764
6777 11.2171722170226 6.26050501230344
6778 6.3894405762131 3.93272396429963
6779 7.56691018723113 4.5049468732397
6780 6.58655387014396 4.03013284722553
6781 5.38941553288225 3.44159076350236
6782 5.05101084763604 3.27612336560683
6783 9.14103551719513 5.26535956290833
6784 5.53520072242727 3.51574003648422
6785 7.76776052454253 4.60882242391509
6786 3.93851817667131 2.71981367010448
6787 8.23249172108265 4.85442801094703
6788 11.0759821430065 6.21003173934839
6789 6.1893837770938 3.83489155579714
6790 5.84404536877862 3.66886168122531
6791 3.26259395574745 2.37328183367104
6792 6.35577029721186 3.91863686105093
6793 7.07344951820928 4.26579610688228
6794 7.7629775231407 4.60277300781267
6795 4.24357338983618 2.87171056666698
6796 3.78644905759581 2.64284317760031
6797 6.75967050891809 4.11488991422014
6798 7.94987178807181 4.68971150523734
6799 7.06808643187607 4.27025772583378
6800 5.20837012920816 3.35501205120881
6801 5.35408805355632 3.42520205146692
6802 5.70603063428863 3.60234579494212
6803 3.37449371139218 2.43762009734941
6804 4.53139546285647 3.01891754974463
6805 3.95214697811954 2.73305439869937
6806 6.6453634380523 4.06198063988875
6807 9.42381519330266 5.41804617287938
6808 4.52437316188005 3.0150070125571
6809 5.96223354031184 3.72292633051458
6810 2.69617321378859 2.07831035952556
6811 4.56814535600087 3.07821403253457
6812 6.14384027475767 3.8128970484366
6813 8.28498205412708 4.86081885095352
6814 4.77471334144315 3.13944764584045
6815 8.18485255536307 4.84427539044806
6816 4.41512425441117 2.95876471136631
6817 13.8244457041278 7.50912649286637
6818 5.85455004227681 3.67460888740601
6819 6.65954777362677 4.06588848390166
6820 5.22278673097948 3.36261374918105
6821 7.0943264792708 4.27982213583134
6822 3.88442148473682 2.69897611318394
6823 11.5261994997443 6.46500505360937
6824 5.92848166293466 3.70900746621652
6825 3.81271731157297 2.67611500864998
6826 4.43738912917092 3.0119127908065
6827 2.98767416353138 2.23185951532983
6828 2.27433506394843 1.86459494743694
6829 7.64935776835633 4.55082981553508
6830 3.25376279893353 2.37059010638356
6831 4.24478982052743 2.87378971360811
6832 5.47980976523273 3.48809463571005
6833 6.79344506945749 4.13286036509246
6834 8.98032228991308 5.21104636298028
6835 4.58830607860699 3.04558172957234
6836 4.46177869624304 2.98298598144786
6837 4.57085992827097 3.03767750926911
6838 3.67861648569425 2.58740452430686
6839 5.85392954023945 3.67435925718754
6840 7.51000644104826 4.48010634120769
6841 5.74839472613204 3.62315897761906
6842 5.09781976744306 3.29867433970323
6843 3.23263095369226 2.36380048524682
6844 5.90487554896991 3.69816599959763
6845 8.49756027444694 4.95561681414699
6846 8.29842656887424 4.85709615814479
6847 12.6663668248088 6.95575667849978
6848 4.80869474635128 3.15604575170874
6849 10.7285975050671 6.04471751232861
6850 7.15191502203285 4.30440209739809
6851 6.07697950348595 3.77766703738799
6852 6.34714463542016 3.91627185939954
6853 5.139449444535 3.32054082814693
6854 7.23763156803688 4.34969391903262
6855 12.5779605332256 6.9099972873559
6856 7.0456573993824 4.2504156643877
6857 5.39419371614812 3.44438600025029
6858 4.5868910843433 3.04247324012229
6859 7.60202211108121 4.52343812992211
6860 4.50097904959759 3.00107055451584
6861 6.21806359943065 3.84720210622782
6862 8.25648600564507 4.83697272447352
6863 7.67997102494462 4.56035423047731
6864 6.90549689948424 4.18403672129929
6865 8.63373366169638 5.01935176216365
6866 7.36013606141777 4.40311132079494
6867 20.6655998061302 10.770378661826
6868 8.95045772957234 5.18054999466243
6869 18.015145520781 9.50308918995234
6870 7.21488707678121 4.33379753402026
6871 8.63952622312627 5.02056942131201
6872 11.7392309250724 6.55657464481232
6873 7.12816617286786 4.36737850618504
6874 6.68070275174799 4.0729815064597
6875 12.0189189861994 6.64156538668645
6876 17.5915607150375 9.29361841640819
6877 6.0079641600452 3.74754562691482
6878 3.88983084533567 2.69257701170771
6879 6.28238338809583 3.87886916750418
6880 5.28624780622583 3.39227409088267
6881 5.87303568232716 3.67912416287292
6882 6.35919579251436 3.91744819587121
6883 3.75296896550968 2.62294503643353
6884 5.50765980319265 3.52679779126683
6885 13.0265696284589 7.11976341790186
6886 7.05154951178743 4.25466636544234
6887 5.55907139880776 3.53389424462032
6888 7.19649929607938 4.32752435804086
6889 11.2904863255396 6.29862191859405
6890 4.7897343514847 3.14325579148702
6891 8.44185950352155 4.92503713042236
6892 11.6608654505581 6.46790598661224
6893 12.6655489290006 6.96046263463226
6894 7.16545271867199 4.30870815741396
6895 6.51636991264973 3.99455337407844
6896 17.4524750125679 9.24738291841595
6897 7.51157557467489 4.47501000279267
6898 8.49769289751029 4.95278439542165
6899 5.3755251599376 3.43561761788492
6900 7.3944551505203 4.41951597684365
6901 6.58642797116511 4.02751033504983
6902 9.99109500584066 5.6841037099503
6903 7.4838781158176 4.46157941887999
6904 15.9977304553904 8.55524711262966
6905 10.0055186893254 5.67669041091461
6906 13.9834438910675 7.62415591643739
6907 6.28353960272314 3.87983269903094
6908 9.62026941683611 5.49158768461706
6909 8.88765596499642 5.14273519072372
6910 8.15277802766714 4.79006904552821
6911 6.97286353896231 4.21543879641229
6912 2.21988417365869 1.82943267091458
6913 4.9324392410087 3.21862921047377
6914 5.12889161872788 3.31134387611862
6915 8.49635935586995 4.95234329065387
6916 3.32778333009344 2.40599033350252
6917 9.0264107119765 5.20734251636778
6918 4.41448769379797 2.9573849920302
6919 15.8475905968798 8.51128342603666
6920 9.78060364873201 5.57486070999317
6921 9.41574163480598 5.3960337129342
6922 9.25022295071571 5.34292845734379
6923 11.0069231981888 6.15799643142039
6924 3.66306209339807 2.57715149674796
6925 4.74454426220916 3.12134919270741
6926 5.46181205692126 3.47771673258706
6927 6.65571601488543 4.06260193144794
6928 7.17351108878483 4.31498081892572
6929 7.2683302172834 4.35831470636133
6930 14.026433922182 7.63167019526448
6931 9.84016643985574 5.60527548898174
6932 2.75331726734017 2.10771535429975
6933 12.2685602387216 6.77655972084966
6934 7.33485283084258 4.39093640069141
6935 8.82110447307652 5.10878564435618
6936 8.7055105043971 5.05138867494791
6937 6.98724053649192 4.22237045699532
6938 10.3195906363707 5.83104081554318
6939 6.5139476485416 3.9975793658873
6940 17.4467200248717 9.22529420422043
6941 8.78060222951567 5.09380891800487
6942 5.55321634622012 3.57109388930123
6943 7.35653426697198 4.40222393135812
6944 6.24886643093067 3.86589112066746
6945 9.69029442774567 5.54541528401336
6946 5.40430946997801 3.44817106606164
6947 12.2229756185261 6.74238219868904
6948 4.95262999246832 3.22467302819354
6949 8.16774384287727 4.79319056306344
6950 8.96167248627984 5.17974856053376
6951 9.44737886476049 5.40991085141471
6952 6.01491756934509 3.74984742083622
6953 3.77904795919165 2.63698092322164
6954 9.81778728966411 5.60308929633723
6955 8.94691478790187 5.21870009273647
6956 5.30594567543158 3.40191731875135
6957 1.42609845013391 1.38025003606163
6958 5.25485798267188 3.37321287386024
6959 9.20789087691435 5.30358384375203
6960 17.9030763045931 9.45190884380473
6961 10.2611895842874 5.80967142086053
6962 9.80911351115196 5.58566841598425
6963 7.97972465496951 4.70246890713691
6964 7.97120839911544 4.70340023737439
6965 8.52994349588979 4.97744408667127
6966 7.93638480972424 4.68217609409381
6967 7.95621216374971 4.69198440155782
6968 6.37084380746608 3.9276992977453
6969 4.76457478769698 3.14027275072517
6970 8.81210055353711 5.10503856265137
6971 5.0538230709894 3.27471169387237
6972 8.82425353617502 5.11176690282308
6973 7.77965790684258 4.6065727828282
6974 7.00976149749166 4.25012289106508
6975 11.8549402191469 6.5971455829401
6976 16.7416880817544 8.89328304295154
6977 9.5150488389405 5.44254167799839
6978 4.76353984552318 3.13305657631146
6979 5.70213138207091 3.59616234152526
6980 6.83233354761971 4.15413019633822
6981 13.9753926701437 7.58144654713757
6982 3.85354619490136 2.67496179091526
6983 5.98977298752558 3.73865926582282
6984 15.3409219669294 8.25121736710259
6985 6.25432971751773 3.86443467960506
6986 9.44285074047897 5.4154672476415
6987 11.2565198830198 6.28147664336919
6988 5.60694875089181 3.54829338624863
6989 7.12888255648327 4.29152101502703
6990 12.7825810052284 7.0059629696289
6991 5.9549748454787 3.71781259915933
6992 8.31508668982842 4.86488551839575
6993 7.52651879638751 4.48296104923712
6994 4.93097800767224 3.22020604536686
6995 14.5646878397691 7.87494549383124
6996 4.20361496187306 2.85209797204525
6997 11.1562137535352 6.23685526742343
6998 3.34385111536439 2.4981305238281
6999 3.53194938844859 2.51236054480959
7000 7.46460952774821 4.45451726887518
7001 5.05242868537694 3.27392616412941
7002 7.90232055762367 4.66509864313005
7003 4.91770400227729 3.21222938926363
7004 4.01609412084382 2.7572171405009
7005 6.48997680652563 3.98435098536899
7006 5.66951947645927 3.57866143163446
7007 11.348050343858 6.31833436927853
7008 7.75071171180429 4.59054519328057
7009 8.54555850277536 4.97824437727411
7010 7.79490428484592 4.61272629269725
7011 7.61315636889408 4.52765443502451
7012 4.42920858735232 2.96701100765421
7013 8.76537768260761 5.0835225633544
7014 6.53525555196904 4.00327390053824
7015 4.90336548956175 3.20173375069919
7016 4.85655951550433 3.17713709334224
7017 4.1795934819458 2.83887461547845
7018 12.5460705252505 6.89716044662382
7019 11.885886313993 6.5760716035448
7020 9.70969117424644 5.5411420006439
7021 4.54312450764035 3.02335230223269
7022 7.15841812458048 4.31011257425477
7023 9.53332819175019 5.45211373788302
7024 12.9601380574881 7.12808229539621
7025 12.1881918857983 6.72413763275509
7026 14.9906101389013 8.09474655198133
7027 7.40976323210549 4.42980393586319
7028 14.2975413921308 7.78624720897223
7029 5.77089157644363 3.62797601885104
7030 6.0087360517898 3.74427672990687
7031 8.61136305597566 5.01168119832215
7032 15.8449971676164 8.63911764518481
7033 6.91471509035971 4.1877406676113
7034 8.96522022318117 5.18676075492419
7035 3.88138472427094 2.68894696011139
7036 8.97898381531176 5.19484702431169
7037 5.52733937234111 3.5116086723467
7038 5.72587139075338 3.60901884148006
7039 12.0632559690274 6.66431927512107
7040 5.24365151688797 3.36974597470272
7041 3.55972123897168 2.52617895855507
7042 10.805734675052 6.06028551564419
7043 6.30779568087561 3.89191892020247
7044 4.89683466468474 3.19969324741329
7045 9.73198463328474 5.55061645022757
7046 6.18537970945321 3.83321741418886
7047 4.52014976666753 3.0108680748266
7048 3.85396425476792 2.71105622210633
7049 11.526190693656 6.40699985852556
7050 10.9748807318761 6.14205618423461
7051 7.22110808133643 4.33779408132515
7052 10.168257249378 5.76977195564623
7053 9.0151597635445 5.20763814657501
7054 3.97746820409088 2.75896773385462
7055 7.6135300927422 4.52719170949499
7056 10.2126613730986 5.7758101199876
7057 6.729198255048 4.100149441498
7058 7.45611085130426 4.44846734037675
7059 6.06288831549484 3.7733514095855
7060 5.41603125786229 3.45660868027321
7061 8.11299045393354 4.76913391344891
7062 4.6547802782849 3.07919349058719
7063 4.17994089040284 2.84450816037087
7064 5.6528606365553 3.57100236717766
7065 9.8711269702807 5.61136786381218
7066 7.25946124762096 4.35637326136434
7067 6.32287296741803 3.89970257781335
7068 7.75909940302926 4.59707220364786
7069 6.81793424143521 4.1418381443571
7070 7.58795995280444 4.61346769593911
7071 5.38292024050759 3.44156296425051
7072 6.08399754910496 3.78362457353493
7073 3.50723140809535 2.50343333152427
7074 7.99406123781655 4.71107086071246
7075 3.67192878497146 2.58315959367152
7076 8.80197449215529 5.14929130291615
7077 4.81387718858641 3.16213518883836
7078 3.6889749933401 2.59187781444197
7079 4.9239269254041 3.21134576092821
7080 5.47196557767991 3.4833872030192
7081 7.56381832324412 4.50514002547969
7082 7.09243842363036 4.27642175652162
7083 5.35235124753754 3.42492509925365
7084 6.86805894501072 4.16664861612547
7085 10.5141209132635 5.92158994093451
7086 4.49261036282091 2.99753091202689
7087 7.86744152069021 4.65335064931763
7088 6.36157977766986 3.91836294297042
7089 7.94555102459559 4.69019687467786
7090 7.26981334555508 4.36389861472928
7091 10.5296879020649 5.93524073924927
7092 6.16004749538041 3.82065655905309
7093 4.61381853158462 3.05941269051281
7094 6.70811080595165 4.08598053830436
7095 9.81166031652464 5.58449990972828
7096 6.99397999904078 4.22596619326411
7097 9.11128913366881 5.24782336487269
7098 5.27952064858196 3.38514527664736
7099 4.13472985306354 2.81663911383346
7100 5.36605691344842 3.42848206690271
7101 6.33141250572155 3.90901255738014
7102 4.04608283401336 2.77352502513352
7103 6.39888125709951 3.93665008522089
7104 10.6016650159621 5.9702554357614
7105 4.24733483030055 2.87436370433802
7106 8.68321739736436 5.10523289402555
7107 7.76706085536221 4.62672913291008
7108 15.1974085896988 8.16397360741647
7109 5.26923620478136 3.38942597238697
7110 8.41436202692105 4.91275068840757
7111 7.90744186732518 4.66840711684901
7112 10.9664180440982 6.13592602047608
7113 6.54295531434426 4.00994282655798
7114 7.2653262265728 4.35728739386576
7115 4.12970986547934 2.81527493184328
7116 11.0866096038958 6.19577176123794
7117 6.08002870467169 3.79041661863639
7118 5.55988295214636 3.54227693850012
7119 4.29021934469424 2.89627400391192
7120 7.35047190649694 4.40127343340332
7121 6.88963732942788 4.17467129765172
7122 6.8259839083386 4.14940239678187
7123 4.94370672997691 3.22207939092188
7124 5.13482391890875 3.33178383729693
7125 7.37336809977535 4.4261083430581
7126 6.16602343498937 3.82649114860625
7127 6.43186236054889 3.95086716005601
7128 7.42187581772895 4.43355610969233
7129 9.12837502616491 5.25718289961107
7130 4.52948071809327 3.05925737652643
7131 11.2841415384084 6.29178843849913
7132 5.37283167961004 3.43516913320418
7133 15.1543508372799 8.17814758796195
7134 7.56271435696712 4.50247341909197
7135 6.95762299118794 4.21459732211862
7136 4.32241404940211 2.91081862979121
7137 6.14917884698678 3.813447601743
7138 6.76689763409868 4.12361300309994
7139 7.61549038476247 4.53498296676427
7140 8.05706984466392 4.74150581886763
7141 9.20044088120879 5.29399218646136
7142 4.87720138967858 3.19703018858136
7143 4.90654541176186 3.20706067769854
7144 6.56398897993665 4.01754123468435
7145 4.27527530383563 2.88990325009668
7146 4.86171734557954 3.18293480291722
7147 5.51922358425117 3.50775695358103
7148 6.54049582552423 4.00494406495366
7149 9.12610456790677 5.25252042185128
7150 4.53638256664285 3.02756594020943
7151 7.45161786473445 4.44761922124134
7152 9.06585875240303 5.23091829837006
7153 5.45093920352701 3.47315325635893
7154 11.8670777181069 6.59014509192553
7155 5.50908730679173 3.50180850247246
7156 5.68988469015269 3.59060767369505
7157 11.5750439115734 6.43143879543463
7158 6.47508239536714 3.97771302608812
7159 4.88402650996022 3.20665487206317
7160 4.28904960913836 2.89552129864448
7161 12.2440914651341 6.75502270200281
7162 4.63072997002609 3.06716431801456
7163 4.74624601837389 3.1215864220187
7164 4.31291981467024 2.9135258966809
7165 7.43301566817242 4.44228726281016
7166 8.59775706830435 5.00160978445961
7167 5.79933610585974 3.64442075809076
7168 6.05275270443822 3.76841763506772
7169 5.51534210184949 3.50558961901691
7170 3.59043983392402 2.54145831257324
7171 3.64266367708814 2.56963034039595
7172 7.74656142322582 4.59339285401317
7173 12.7799315061911 7.01979292526498
7174 6.66546384250804 4.06973694420437
7175 6.85106489225583 4.1565594089622
7176 5.68870311478751 3.58977871973262
7177 7.22065297912369 4.33691617008012
7178 4.68784597239815 3.09737891445564
7179 5.4720837576568 3.48650929609565
7180 5.34532368176942 3.42324641489349
7181 4.26444817907297 2.88370303666169
7182 10.5050998676024 5.92141236191813
7183 6.97109189215191 4.21378603198367
7184 6.64380622827337 4.0810408304409
7185 6.23939373574278 3.85822708563941
7186 8.03816823365415 4.73282264006658
7187 5.94419242230782 3.72309989623597
7188 6.70644184242137 4.08743597865367
7189 4.62724313412962 3.0694210472303
7190 7.10766287090561 4.2883015398071
7191 4.36149990756012 2.93097441121618
7192 3.29993100705381 2.39285893915996
7193 2.44585640820116 1.94550766498482
7194 2.79410151183712 2.13004679253666
7195 8.42058539038226 4.91794563739222
7196 5.23729483812922 3.36735226648308
7197 6.47873012866975 3.97521719242058
7198 7.28950162267937 4.3732804933157
7199 11.1235681376311 6.21619378565364
7200 15.3530405262747 8.2631188238898
7201 3.70436025811891 2.59911223607797
